,p4_GTCN,p5_T,p6_GCTN,p9_G,p12_T,p13_G,p14_G,p18_T,p27_G,p29_G,p30_GCNT,p31_G,p33_T,p34_G,p36_G,p37_C,p37_TGN,p38_C,p38_G,p39_G,p39_T,p40_C,p40_TGN,p42_G,p45_GTCN,p47_GTAN,p48_G,p51_C,p51_G,p52_C,p53_G,p54_G,p54_TCN,p55_G,p56_T,p58_T,p59_T,p60_G,p60_T,p62_T,p64_G,p68_C,p70_N,p71_G,p71_N,p72_GC,p72_N,p72_T,p73_C,p73_G,p74_G,p75_C,p75_T,p79_GNCT,p80_T,p87_T,p93_G,p94_C,p95_GTCN,p100_T,p102_T
p4_GTCN,0.0,0.8173766130684433,0.9733987815931104,0.9854227612684585,0.981561810011264,0.996217671175285,0.9957240071954709,0.9036799642918968,0.9862976169194418,0.9911505283470016,0.9977928652327248,0.9856383319960587,0.9932332634280858,0.929672539362319,0.9702974080896837,0.9470561930941941,0.9957074862280166,0.9579321735907957,0.9146145072518388,0.9165487104827907,0.9115097039196327,0.9811428010650314,0.9904354066720966,0.9715637650574896,0.9915275504463343,0.9793118158992149,0.9858918109800732,0.9971634260214784,0.9270516630311314,0.9209960846286732,0.9261064896640012,0.9874105548766354,0.9819043121572153,0.9594492891814015,0.9981504104195392,0.9932334063700138,0.9975929270531745,0.9940218321128327,0.9248634003540757,0.9612252072155154,0.9388457743124764,0.9999311252405432,0.9925143563869587,0.9887905936425104,0.9912517762479844,0.9957444845513912,0.9944390670886143,0.9565044932464921,0.9756059841416138,0.989321875250092,0.9908875353710425,0.9861771373612048,0.9874886459984034,0.9874362663303642,0.9859344737675564,0.941077482776673,0.9931349573653856,0.9904468750814617,0.9920646019727475,0.9930082473481363,0.9719725035002895
p5_T,0.8173766130684433,0.0,0.8948313555790828,0.9801036919677502,0.9395237635286298,0.9221599771186053,0.9535920244026339,0.9202218950948426,0.9686976565018519,0.9836845726957331,0.9777105968383215,0.9698884888811758,0.9660212686314052,0.9190144194501535,0.936330493012423,0.9264668744821285,0.9865113380940775,0.961007384471384,0.9088894433270301,0.9250880741655326,0.9241387437277981,0.969957278985178,0.9824232045087853,0.9871365519090467,0.9863882994755365,0.9774148170769135,0.97783198086396,0.9581383260262748,0.9481489619282533,0.9082476156665038,0.8977489987400444,0.9825137070632255,0.9636211753779325,0.9462840956021874,0.9975461960288795,0.9777627939987035,0.9919627393065138,0.9929643925468337,0.9137788800674616,0.9827056063065607,0.9687860924089605,0.99815558172006,0.9971911410674293,0.9928024676587309,0.9992491712191278,0.9972392326201747,0.9995813722563419,0.9637751634238075,0.9653676435869376,0.9760909277904938,0.9896547794552445,0.9646970246926434,0.9950318540146081,0.9735641930319692,0.9863358310621344,0.9399794715565015,0.9854052751026185,0.9428588847665273,0.9885730669689141,0.9601808108592493,0.9739677882789126
p6_GCTN,0.9733987815931104,0.8948313555790828,0.0,0.9831094148527009,0.923240316875517,0.9671235049956567,0.980192525167801,0.8579304173541236,0.9702079522872767,0.9790358925975291,0.9436960042106662,0.9477742618524938,0.99322998651788,0.936662004752769,0.9697458830091681,0.9022312820918499,0.9841337608778499,0.9607468573957956,0.8235434785875555,0.8655437841377879,0.8583805213876812,0.9554729826065937,0.9774298563662172,0.9609954468626398,0.9767219249843753,0.9723377660048702,0.9750724017552816,0.9653816606368553,0.8860198492719242,0.8214362035070285,0.8445781134507391,0.9917311517626981,0.9695825710589805,0.8862697893634313,0.9968252077504032,0.9782631841448756,0.9593281796402728,0.9551844454526426,0.8613146141428132,0.9999501347510031,0.928286141760628,0.9988184816180993,0.9655749393383934,0.9609322917674551,0.9658704560989113,0.9839674112630092,0.9663510257013008,0.950025847331093,0.9723008699677251,0.962209444856299,0.9871820996423912,0.9336780834004214,0.9958426538062841,0.9965460135010935,0.9858835823844478,0.9572252956964744,0.9781852074008852,0.9968203025519704,0.9966326534729015,0.9855999322770848,0.9649719073679379
p9_G,0.9854227612684585,0.9801036919677502,0.9831094148527009,0.0,0.9801215869195061,0.9559115270559764,0.8869723900458399,0.9403172519449933,0.8507677362585147,0.9738799625983546,0.9908324934220216,0.9855745816344182,0.9407227174683532,0.8970817891614896,0.7019055375005557,0.9009336622483737,0.9880725760800664,0.9585011960145609,0.9405089543455795,0.9400716887031996,0.9361166142413748,0.9462486185371755,0.9764934234386837,0.9429490887863532,0.9674227701889391,0.9726693620690294,0.9713748176139669,0.9492422297350138,0.9292054126923253,0.9455615218831365,0.953775753435445,0.9722208343504688,0.973083179297779,0.9356283272383568,0.9968390368084358,0.9982529204373689,0.9951855621122997,0.9961228136983682,0.9360339686481236,0.9701783832531592,0.951989221101796,0.9408906026637178,0.9708057209669929,0.9272686300387172,0.9704200571719206,0.9799296579755852,0.9689555851465498,0.9369771609563141,0.9711682004389526,0.9654893771540602,0.9699953824678229,0.9877684291231205,0.9611433068739754,0.971762761936739,0.9849499689908869,0.9653176978003948,0.974015277337354,0.9949900155779331,0.9658300257717325,0.9701673396100043,0.9803091953545854
p12_T,0.981561810011264,0.9395237635286298,0.923240316875517,0.9801215869195061,0.0,0.7058724034393973,0.7922394953321279,0.8248781137188795,0.9316876800151164,0.9994779432272712,0.9648076808796872,0.9339000946543681,0.9586807235977713,0.8677825303181017,0.8847961766102173,0.8847750933496579,0.9735653073785384,0.9355724812508632,0.7952758944287013,0.8269290160424185,0.8279114802540057,0.9566613729968956,0.9599810936043291,0.9781581614045065,0.9933937637881673,0.9816256057840773,0.9898953027247217,0.9644546681713388,0.8594861189323815,0.7914138019724399,0.8024067699258572,0.9762903342157003,0.9584205009614335,0.8469902690683406,0.9916075246163308,0.964824572445907,0.9506457872623162,0.9456440895729634,0.8900686659426504,0.9911004908940337,0.9275776253345484,0.996769561183773,0.9781931538284971,0.962581565218987,0.9751008932893053,0.9859085976781017,0.9745251430558157,0.9357843667306344,0.9418400470983719,0.9448512620804412,0.9979182502250832,0.9435387680834791,0.9963442535463171,0.9869534364995507,0.9883565731187286,0.8809909539183356,0.9774178604754888,0.9754739096192191,0.9991857405973745,0.9736388888552638,0.9331897527412576
p13_G,0.996217671175285,0.9221599771186053,0.9671235049956567,0.9559115270559764,0.7058724034393973,0.0,0.3174579423671572,0.7516810085778731,0.9229087595743459,0.9617572187047758,0.9758030840022286,0.8926261046739525,0.9810176759633854,0.8474417021102751,0.8542141296907413,0.8059923306708119,0.9693065020203677,0.9088706653635215,0.7167834582450707,0.7477466517144631,0.7402090916639668,0.936999903070276,0.9576684460521945,0.95513760546257,0.9937858356349556,0.9652764126629731,0.9948942629732374,0.9675405727356203,0.777008796491031,0.7307273577211795,0.7626724930952986,0.9728638457414072,0.9499789972434829,0.8446689190580408,0.9962678376176445,0.9709256710763157,0.9301336540755382,0.9222470303978749,0.8405817844694066,0.9582406681565111,0.8690060557388037,0.9516335002756275,0.9944014259626892,0.9998617980026621,0.9923007200011298,0.979258806435124,0.9921846093122177,0.9254357359379625,0.9406144237298597,0.9407757107411148,0.9822703687196659,0.913158993158339,0.9920156526362954,0.9894900928709125,0.9761623187179032,0.838821913571524,0.9669707187204393,0.9104663414880863,0.9851982634657991,0.9738505458307674,0.9608409042803148
p14_G,0.9957240071954709,0.9535920244026339,0.980192525167801,0.8869723900458399,0.7922394953321279,0.3174579423671572,0.0,0.8289923291383946,0.9602597751790396,0.9330609436304622,0.9898075836416793,0.9509199941991027,0.9908081047902124,0.8987154991654273,0.8916724830447319,0.8569825768912704,0.962136384913453,0.9131433397194106,0.8218946476299702,0.8449259731558811,0.8460585709691353,0.9329604466630983,0.9598167958204766,0.9753097116511547,0.9814901589755893,0.9986727263587398,0.9767016557089172,0.9807080658039411,0.8406128590417978,0.8429534847812072,0.8687644128026928,0.9534484938117347,0.9768231325331964,0.9270261119395533,0.9974150558906307,0.9807505780922736,0.9584782056132808,0.9524044395525213,0.9101060389237456,0.9792847391612753,0.9634449468231876,0.9447650986960101,0.9988529088142841,0.9401617568989091,0.9985763000229329,0.9652818776017575,0.9998899034094552,0.891318064773051,0.9881499326212801,0.9971161931862411,0.9963260707072183,0.9679567491185997,0.9749256256229801,0.9635939068512147,0.8717677388731955,0.8785013357587541,0.9548260124262533,0.9291420548475946,0.9502689303707827,0.93575093652758,0.9820244185251048
p18_T,0.9036799642918968,0.9202218950948426,0.8579304173541236,0.9403172519449933,0.8248781137188795,0.7516810085778731,0.8289923291383946,0.0,0.8311430424607615,0.9138068130847614,0.9809659970301616,0.7861858610281696,0.9061827334168495,0.7185876521714358,0.7001875471279244,0.4215329402985546,0.9561351186141509,0.7595188401002455,0.24448417916507148,0.26523392892033104,0.2753431440237004,0.8532683121895996,0.8737843624001,0.7943017025655701,0.9910864402884478,0.8439169148820118,0.8611188342683951,0.8765633724708024,0.3767398260664667,0.24626255180580814,0.3453731078187994,0.9377775961559884,0.9006961780812894,0.4461773824762556,0.9822210593805225,0.8870864815368379,0.8625727140713306,0.8324047813161262,0.4620170149169076,0.958315489464795,0.6900984911715986,0.9784591619959169,0.9352699584391522,0.9686072896597674,0.9308173483829398,0.9789647215265744,0.9315570263246107,0.8377937795527055,0.844298994861123,0.8264872437120048,0.9840770846210396,0.7462450752542376,0.9843106088906024,0.9295018905629,0.9762346729763206,0.5589491711169803,0.9409994385937068,0.9519732395407638,0.9807277798476408,0.9333577695007997,0.9781620557275863
p27_G,0.9862976169194418,0.9686976565018519,0.9702079522872767,0.8507677362585147,0.9316876800151164,0.9229087595743459,0.9602597751790396,0.8311430424607615,0.0,0.96050518664597,0.9852448070938021,0.9105063801141817,0.9931663909541716,0.8299542531073323,0.7319933870022743,0.8647387367256845,0.9974368380403416,0.9535292905602375,0.7933787649113889,0.8164214381279767,0.8239607454861566,0.9703152846576018,0.964142772775141,0.9700860049485731,0.996706080120841,0.972455251018284,0.9548030658557862,0.981822799040013,0.8375865470872734,0.8009778714252636,0.8372567587563586,0.9663141205669721,0.9822239497126195,0.8461149514369932,0.9791052529613231,0.9728597016906892,0.953381443520101,0.9469376868843973,0.8384607879151464,0.990873966998195,0.8799718351916026,0.9955103600907209,0.9776590418440008,0.9669313533818136,0.9765897596043094,0.9909036917078937,0.9771794563493159,0.9660586242023965,0.9585623196535977,0.9397505453814717,0.9650592846171908,0.9159231865475146,0.995184888466814,0.9689635353500017,0.9994724558798195,0.9605742923839378,0.987869770885861,0.9961066274295114,0.9839042252617978,0.9607562807168432,0.9536213482657785
p29_G,0.9911505283470016,0.9836845726957331,0.9790358925975291,0.9738799625983546,0.9994779432272712,0.9617572187047758,0.9330609436304622,0.9138068130847614,0.96050518664597,0.0,0.9685106075075249,0.960582205884819,0.9654201589493745,0.9879663607175104,0.9770512517438708,0.9571267251288375,0.9749610995504484,0.9572661875511462,0.8855049496275,0.8861475766386344,0.8899068413574106,0.9631958770186506,0.9790510002748385,0.9838158551140097,0.9999742088827899,0.9637036268034378,0.9747993018544066,0.9908452534777453,0.9232759519181406,0.8675264560592868,0.8935802131616206,0.988210656673351,0.9766965879649749,0.9001143202083804,0.9968582965784926,0.9626797982185715,0.9426382632229461,0.9497993227187471,0.8842928538877808,0.9835625903962454,0.917103863712371,0.9969066350975135,0.833869895564048,0.8806326295007669,0.8341940660499955,0.9909237034184472,0.8337271061510572,0.9532544055620844,0.9648633942822988,0.9863156977160576,0.9628542881755325,0.956700041737587,0.958612807079219,0.9613925642762416,0.9086569349974427,0.9324353964471639,0.9863567731380575,0.9323793862450449,0.9488434364906011,0.9480376939303797,0.9934169274271023
p30_GCNT,0.9977928652327248,0.9777105968383215,0.9436960042106662,0.9908324934220216,0.9648076808796872,0.9758030840022286,0.9898075836416793,0.9809659970301616,0.9852448070938021,0.9685106075075249,0.0,0.9566084075475749,0.9780322505017558,0.9490768147728454,0.9994724378339197,0.9682043928299862,0.9993704253969787,0.99051112732525,0.986081470337728,0.9925211738062747,0.9978223416854011,0.9772297107534662,0.9574270784621496,0.9773178154110759,0.9860547664377731,0.902466800301047,0.9004960604873662,0.9746946856630503,0.9812371354610518,0.9923101046387578,0.9998215985137491,0.9935976877079642,0.9863220965776913,0.9973875498241662,0.9921073458923038,0.9721265979790652,0.9754291183094164,0.977774836588752,0.9887286365397674,0.9970095685567502,0.9578066423807678,0.9956788340760476,0.9867861744991545,0.9939756853567481,0.9881143563499445,0.9795930447645969,0.9885438886088406,0.9614596105013418,0.9844660743713178,0.9932487074353794,0.991174890484435,0.9894893897765876,0.9835643752520827,0.9826741231253381,0.9722444869317806,0.9970845847958472,0.9960456048349867,0.9515902793796658,0.9698436138643206,0.9709028211819081,0.9568953667277933
p31_G,0.9856383319960587,0.9698884888811758,0.9477742618524938,0.9855745816344182,0.9339000946543681,0.8926261046739525,0.9509199941991027,0.7861858610281696,0.9105063801141817,0.960582205884819,0.9566084075475749,0.0,0.9590332681657754,0.8989975584103116,0.8911276379912023,0.6955972258906296,0.9885993596254284,0.8797089376377296,0.7427563333270755,0.7630426425153434,0.7598424035229766,0.9958625114443391,0.9555424165496109,0.9038470982099944,0.9959334278949066,0.9710998003141881,0.9750668510520878,0.9492825420642407,0.8348917922205248,0.7492880652337877,0.809400299526883,0.9280889821077785,0.9305545848451416,0.9216171450017095,0.9950820710896782,0.8962247018671574,0.979442203773454,0.970380327412193,0.8253001502307501,0.982331106545573,0.9063860839705995,0.9345731679440441,0.9699077204752744,0.8810489953640441,0.9694143840339211,0.9197186262870974,0.9703785518039302,0.9825827867548399,0.9249996922084577,0.8449347256097359,0.9551892225969157,0.8975928356089229,0.9948190706823914,0.8838413852283785,0.9608815118451397,0.9049204752965985,0.940524653470569,0.9792962819318223,0.9759924580935054,0.9580323672582742,0.982843042164801
p33_T,0.9932332634280858,0.9660212686314052,0.99322998651788,0.9407227174683532,0.9586807235977713,0.9810176759633854,0.9908081047902124,0.9061827334168495,0.9931663909541716,0.9654201589493745,0.9780322505017558,0.9590332681657754,0.0,0.9538032724997008,0.9773053161812683,0.9740851324929674,0.9068887191060355,0.9092778321852102,0.9164974989525388,0.9067675215981699,0.9098546994296017,0.9905377690705586,0.9388991176085579,0.963047009006369,0.9698772282621935,0.9747905352513697,0.9862610923195372,0.9893264767254784,0.904657444975477,0.8825798310012937,0.8718752295171031,0.9771742284935324,0.9899726959752099,0.9219934080800425,0.8189141031200031,0.960685614314156,0.999376585330619,0.9942032541760004,0.9139462953430939,0.994417736404098,0.8859342992421536,0.8681014130380745,0.9911788867831541,0.9044839454797574,0.9915044201507834,0.9793546411201743,0.9954280245421767,0.9226699117456358,0.8405657280701511,0.833645167725191,0.9587757672341064,0.9654519304342737,0.9937656205588655,0.8934114925991143,0.8872639311799854,0.9845356364377531,0.9857347660249834,0.9523312859106322,0.838718994818269,0.9941919708073721,0.9846429182021319
p34_G,0.929672539362319,0.9190144194501535,0.936662004752769,0.8970817891614896,0.8677825303181017,0.8474417021102751,0.8987154991654273,0.7185876521714358,0.8299542531073323,0.9879663607175104,0.9490768147728454,0.8989975584103116,0.9538032724997008,0.0,0.608830622219394,0.7669280350902641,0.9871697596765512,0.9137116312869842,0.6612246805849875,0.735747334457227,0.7014684882204141,0.9666560594751479,0.959981468297826,0.9105550740519366,0.9946329278083605,0.9368303879774451,0.9432210316463421,0.9312324256777582,0.7603539297123829,0.65340147355972,0.7048101054675089,0.9909108528838131,0.9748170901359887,0.7777981303170685,0.9355523982114408,0.9855456233250164,0.9803574034997662,0.96975645934512,0.7180072360355318,0.9718237841915138,0.9115568342517378,0.9933532351266232,0.9916315704171845,0.9873226589173141,0.9916889570075078,0.9812960248779226,0.9924922482972356,0.8720450549746288,0.9613562880303042,0.9366560428412894,0.981590537552256,0.9129247422740796,0.9932517400330019,0.9935180677015734,0.9749864505566082,0.8915277901851588,0.9717884047528589,0.985914538241004,0.9941099856411824,0.9492435985503758,0.9368728886248807
p36_G,0.9702974080896837,0.936330493012423,0.9697458830091681,0.7019055375005557,0.8847961766102173,0.8542141296907413,0.8916724830447319,0.7001875471279244,0.7319933870022743,0.9770512517438708,0.9994724378339197,0.8911276379912023,0.9773053161812683,0.608830622219394,0.0,0.7392895394214567,0.9659575647397278,0.9064616012449265,0.6569634365769429,0.7171102127947437,0.6798160832936015,0.9411931788117953,0.9695270345159537,0.8972815897971214,0.992254395999165,0.9420347498265083,0.9377067372871846,0.9411460643785474,0.7304243674028104,0.6553566549769259,0.7018081507821896,0.9669201823317592,0.9449676035805099,0.70012690989731,0.9709584764535599,0.9500227541506614,0.9422064766933056,0.927339940977705,0.7333844036105512,0.9790934083755785,0.8731007964585009,0.9710507208349558,0.9389507365191259,0.9126060076832866,0.937382885529412,0.97522619491485,0.9392384247892145,0.9614369916900596,0.9453009217336652,0.9257517377460357,0.9924015406783293,0.919236847075309,0.9853819874266803,0.9792606245619309,0.9896431377749352,0.9510739714878377,0.9672232264271721,0.9834203138245835,0.983279343509325,0.9826274467104383,0.9847215858388331
p37_C,0.9470561930941941,0.9264668744821285,0.9022312820918499,0.9009336622483737,0.8847750933496579,0.8059923306708119,0.8569825768912704,0.4215329402985546,0.8647387367256845,0.9571267251288375,0.9682043928299862,0.6955972258906296,0.9740851324929674,0.7669280350902641,0.7392895394214567,0.0,0.7467390343562208,0.9767040735182393,0.3537647596312623,0.39767696501382055,0.3966780944000732,0.8567483023427155,0.9167542104736018,0.770002454630743,0.9975521933352232,0.789387466500645,0.8307919033141467,0.8849334398820221,0.5090276382898884,0.40044277652340154,0.533732638802491,0.9362142082695506,0.8799738813790662,0.5986063610006618,0.9304534122174144,0.9127180373038482,0.9367681899922979,0.9134547014729886,0.546749659666744,0.9909119492480136,0.8379579478365764,0.988449676675509,0.9493238501642363,0.9866949590958791,0.9464710969514378,0.9571727414965423,0.947081719446257,0.8946068854505804,0.9032619943462388,0.8938030895040576,0.9929565369200104,0.8205827754221353,0.9544819422259618,0.9350433499891057,0.9614424948548403,0.6798699344075181,0.9370999099896875,0.9590764393829823,0.9735958352790159,0.9464161336234325,0.9997576965006512
p37_TGN,0.9957074862280166,0.9865113380940775,0.9841337608778499,0.9880725760800664,0.9735653073785384,0.9693065020203677,0.962136384913453,0.9561351186141509,0.9974368380403416,0.9749610995504484,0.9993704253969787,0.9885993596254284,0.9068887191060355,0.9871697596765512,0.9659575647397278,0.7467390343562208,0.0,0.7314938987614723,0.9628209298372612,0.9511393628462443,0.9913734197202375,0.9734714370589749,0.9434869034568035,0.9878565689294223,0.9938833982827848,0.9801184975660855,0.9930033936600509,0.9772377183311557,0.9607818302219828,0.9497224337796197,0.899140744571705,0.9928612511747881,0.9966605042505118,0.9526011054179798,0.9626539885353446,0.9014386090518709,0.9952236851738429,0.9900542884559349,0.9553046250572753,0.9624393188916086,0.9742107311613768,0.9741531306369025,0.979918053519711,0.9743901917365423,0.9827836649706845,0.9719016707128438,0.9786725599476149,0.9779586553228528,0.9269488334205425,0.8852913568107541,0.9473358936006903,0.9714394879719839,0.9875687477625499,0.979571289746478,0.9851791617082324,0.9485791714425806,0.9824856993546405,0.9856711962144635,0.9897970580535561,0.9731139327285708,0.9903598568234796
p38_C,0.9579321735907957,0.961007384471384,0.9607468573957956,0.9585011960145609,0.9355724812508632,0.9088706653635215,0.9131433397194106,0.7595188401002455,0.9535292905602375,0.9572661875511462,0.99051112732525,0.8797089376377296,0.9092778321852102,0.9137116312869842,0.9064616012449265,0.9767040735182393,0.7314938987614723,0.0,0.6801504636792348,0.7532340347059032,0.7719192484161731,0.9201946153099146,0.9598834641459753,0.894948787161174,0.9639388368906514,0.9461418962184636,0.9948750827142303,0.9304117464692313,0.7735167136239021,0.7414359518796925,0.7923328968242519,0.9985029380383968,0.9744278287114383,0.7394548837001947,0.8492255157545072,0.9838095041937029,0.9121585236986733,0.9228334713010249,0.828472979584155,0.9956453477042849,0.8581708742089469,0.960049263906929,0.9933310563514697,0.9613836378004693,0.9952878428931167,0.9814441515134933,0.9958874864732141,0.908035386057406,0.8805015075240792,0.9396291905166401,0.9653781703428677,0.9227164450139922,0.9692024010926337,0.9669557295582063,0.9775529801478285,0.8374476160745461,0.9991176984506482,0.9605684551046529,0.9945559310426297,0.9865867343220318,0.9741752560679333
p38_G,0.9146145072518388,0.9088894433270301,0.8235434785875555,0.9405089543455795,0.7952758944287013,0.7167834582450707,0.8218946476299702,0.24448417916507148,0.7933787649113889,0.8855049496275,0.986081470337728,0.7427563333270755,0.9164974989525388,0.6612246805849875,0.6569634365769429,0.3537647596312623,0.9628209298372612,0.6801504636792348,0.0,0.19499381162481644,0.20394365703653405,0.8364289662275057,0.885540936042057,0.7331333173189383,0.9823107354232261,0.8392731274886633,0.8479226002333988,0.8541924606174403,0.3411203477756777,0.166707797507071,0.28808115785201815,0.9350164649592412,0.9399137716711414,0.37945658312218145,0.99541194582873,0.8978275305430499,0.8288239579958854,0.7970315839731419,0.41011859312795806,0.9406083438270512,0.6724894697846513,0.9185849247030531,0.9232782467786096,0.9751970848986451,0.9185878104239888,0.9629359252204392,0.9189878266515326,0.7892446033912119,0.8408148630989583,0.8562602856087655,0.9946966684870373,0.7287754981970458,0.9542133796831709,0.9229926231190249,0.9482403218152597,0.555366779357116,0.9364033116153645,0.9513421994617584,0.9831205865298682,0.9139532075715836,0.9331373828175233
p39_G,0.9165487104827907,0.9250880741655326,0.8655437841377879,0.9400716887031996,0.8269290160424185,0.7477466517144631,0.8449259731558811,0.26523392892033104,0.8164214381279767,0.8861475766386344,0.9925211738062747,0.7630426425153434,0.9067675215981699,0.735747334457227,0.7171102127947437,0.39767696501382055,0.9511393628462443,0.7532340347059032,0.19499381162481644,0.0,0.16162779233354208,0.8686184818189324,0.8930343538410304,0.7730623085389634,0.976582649537111,0.8631461582422126,0.8728592782149991,0.8655975080555764,0.3561684094455555,0.20801039680250977,0.31486326110379714,0.9419391217181408,0.9124555805002561,0.43110262914678477,0.9884121056629067,0.9004529740943501,0.857314709411854,0.8297895126473751,0.4340613248157452,0.9815848165507236,0.6948382762966032,0.9538138324470375,0.931987076216287,0.9724019863747378,0.9282538940237894,0.9719363666536076,0.9300541885525258,0.8234019552522404,0.848743024067578,0.823080713657754,0.9862561421224569,0.7438577673678153,0.9708969839414192,0.9388400934239218,0.9459547186054983,0.5459423750880052,0.940458667796749,0.9452321858212939,0.9687568939646369,0.9208156282474906,0.9684305776146589
p39_T,0.9115097039196327,0.9241387437277981,0.8583805213876812,0.9361166142413748,0.8279114802540057,0.7402090916639668,0.8460585709691353,0.2753431440237004,0.8239607454861566,0.8899068413574106,0.9978223416854011,0.7598424035229766,0.9098546994296017,0.7014684882204141,0.6798160832936015,0.3966780944000732,0.9913734197202375,0.7719192484161731,0.20394365703653405,0.16162779233354208,0.0,0.8636129754591642,0.9254311227156107,0.7824987259764657,0.9799330634576229,0.8830749583034377,0.8927076740361918,0.8542686218709874,0.3659977723659763,0.21661150084085223,0.32579656278288227,0.9545555179813752,0.9246719128366925,0.436662827310873,0.9912384656187939,0.9222864412003917,0.8474018021851366,0.8224539069118468,0.44469384767576514,0.9759828869769873,0.6839923509770678,0.94977120089648,0.9381039543255304,0.9749954615115204,0.9346619154113622,0.9714668188679806,0.9341099951137735,0.8391959306675392,0.8482833552121041,0.8249919124152645,0.9975661070673599,0.7481659795965128,0.9691042833514464,0.939561762354841,0.9428689552166714,0.5727117556589887,0.9373565617455166,0.9562567894085021,0.9728348278167658,0.9211716958289256,0.9728032635950888
p40_C,0.9811428010650314,0.969957278985178,0.9554729826065937,0.9462486185371755,0.9566613729968956,0.936999903070276,0.9329604466630983,0.8532683121895996,0.9703152846576018,0.9631958770186506,0.9772297107534662,0.9958625114443391,0.9905377690705586,0.9666560594751479,0.9411931788117953,0.8567483023427155,0.9734714370589749,0.9201946153099146,0.8364289662275057,0.8686184818189324,0.8636129754591642,0.0,0.9401251327124207,0.9541158095513085,0.9923734099099077,0.7875522502700752,0.9489762522745532,0.9683650346584582,0.844253045078202,0.9776184473055327,0.9218470616273046,0.991321761513979,0.9560394216555486,0.9167392167505213,0.9653332388277865,0.9490018649362439,0.6759743812604044,0.7069211793732069,0.9635632913233865,0.9994467670041081,0.8851949076729009,0.964008410606413,0.9722378079225102,0.9580672320360673,0.9746426181682495,0.9854621137383921,0.9740566527030037,0.9504129372133177,0.7880687330548428,0.8559718761778914,0.9796237425042049,0.9251210687919154,0.9478835726405037,0.9812183226363123,0.9721691787245514,0.8985410581362205,0.9948237064381257,0.9948797211101881,0.9935224792649826,0.9829614121215133,0.9735102931603149
p40_TGN,0.9904354066720966,0.9824232045087853,0.9774298563662172,0.9764934234386837,0.9599810936043291,0.9576684460521945,0.9598167958204766,0.8737843624001,0.964142772775141,0.9790510002748385,0.9574270784621496,0.9555424165496109,0.9388991176085579,0.959981468297826,0.9695270345159537,0.9167542104736018,0.9434869034568035,0.9598834641459753,0.885540936042057,0.8930343538410304,0.9254311227156107,0.9401251327124207,0.0,0.9648480038169658,0.9636058030046845,0.8433743011264211,0.8941766452006089,0.9811496099978358,0.8666923719425146,0.8875064824064542,0.9075417723213852,0.9976107112267594,0.9229469972184925,0.9353951480880003,0.9526481586318665,0.7997095440621358,0.9837185164005989,0.9554466823071069,0.9361348667141322,0.9889324679851836,0.9568155130059284,0.986228182873156,0.9697566621207833,0.9597235018192039,0.9662915666854622,0.9977060088418109,0.9681720984059845,0.9636609531330527,0.9789044897978585,0.9559245244046561,0.9879149292647164,0.9526963594753857,0.9959655898946702,0.9575426280480828,0.9891773962318653,0.943903978796021,0.9854411513807448,0.982406753928841,0.9948610503742668,0.9995427505570462,0.9772375844384293
p42_G,0.9715637650574896,0.9871365519090467,0.9609954468626398,0.9429490887863532,0.9781581614045065,0.95513760546257,0.9753097116511547,0.7943017025655701,0.9700860049485731,0.9838158551140097,0.9773178154110759,0.9038470982099944,0.963047009006369,0.9105550740519366,0.8972815897971214,0.770002454630743,0.9878565689294223,0.894948787161174,0.7331333173189383,0.7730623085389634,0.7824987259764657,0.9541158095513085,0.9648480038169658,0.0,0.9890821829569235,0.7873029182213013,0.7960164389166886,0.9252693818060207,0.8545453007965536,0.7363533615952091,0.9133755358914568,0.9198627886365014,0.9968376460614705,0.8631960030055498,0.8473540266837336,0.9317089903700504,0.9923374466178678,0.9839823109884165,0.8050984264191765,0.97038994363042,0.967103870581985,0.9744596242179728,0.9812374724020887,0.9773941863043188,0.9791147080165769,0.92781076621864,0.9793451340532899,0.9161436083982464,0.991795731609604,0.9792888527921757,0.9980188314234779,0.9320175433381395,0.9670371748837736,0.9692891936900686,0.9893088362590312,0.8856289450991887,0.9016349195659938,0.9535024048654293,0.9841871379887116,0.9973770970274871,0.9785461470359214
p45_GTCN,0.9915275504463343,0.9863882994755365,0.9767219249843753,0.9674227701889391,0.9933937637881673,0.9937858356349556,0.9814901589755893,0.9910864402884478,0.996706080120841,0.9999742088827899,0.9860547664377731,0.9959334278949066,0.9698772282621935,0.9946329278083605,0.992254395999165,0.9975521933352232,0.9938833982827848,0.9639388368906514,0.9823107354232261,0.976582649537111,0.9799330634576229,0.9923734099099077,0.9636058030046845,0.9890821829569235,0.0,0.9797183041319104,0.9894477585227337,0.9877197189800473,0.9701060931215636,0.9729380250038815,0.9900068809332868,0.9885437916493394,0.9665174954713069,0.9907706094222907,0.9600185551426373,0.9946882517033249,0.9713752322528418,0.9795205022390325,0.9819218036449315,0.9574251079332399,0.9726868870752648,0.9871124015209252,0.9913396937035326,0.9965944211681761,0.993135575864523,0.9807966623992868,0.991909196546945,0.9826879872526568,0.9785504041377058,0.9850852010709777,0.9994167193434376,0.9855239654254921,0.991720134123867,0.9711022686629519,0.9918606230713576,0.98378858405578,0.9974550197607474,0.9759962572640828,0.9886669528286107,0.9946218772622706,0.9877477496752625
p47_GTAN,0.9793118158992149,0.9774148170769135,0.9723377660048702,0.9726693620690294,0.9816256057840773,0.9652764126629731,0.9986727263587398,0.8439169148820118,0.972455251018284,0.9637036268034378,0.902466800301047,0.9710998003141881,0.9747905352513697,0.9368303879774451,0.9420347498265083,0.789387466500645,0.9801184975660855,0.9461418962184636,0.8392731274886633,0.8631461582422126,0.8830749583034377,0.7875522502700752,0.8433743011264211,0.7873029182213013,0.9797183041319104,0.0,0.5257394559222242,0.963385247120726,0.8682586718692828,0.8632342564819904,0.8206952902505424,0.9844613094817001,0.9675551982939594,0.9267612157438923,0.9778460364590791,0.9356717746631462,0.9295018213627577,0.8976802627564274,0.9270959087573533,0.9694946433516245,0.9701819637217994,0.9965932188115866,0.9819840920224525,0.9904503134179142,0.9862331871567813,0.9718888318597658,0.9778435546973425,0.9477405091375419,0.93460133535567,0.9210112278812905,0.9850053154053195,0.8966613910992014,0.9502790512709272,0.9234722566099314,0.9929438178726098,0.9191833363234019,0.9842994098424063,0.9963816439415631,0.9640283137669056,0.9873696366101281,0.9990893884749312
p48_G,0.9858918109800732,0.97783198086396,0.9750724017552816,0.9713748176139669,0.9898953027247217,0.9948942629732374,0.9767016557089172,0.8611188342683951,0.9548030658557862,0.9747993018544066,0.9004960604873662,0.9750668510520878,0.9862610923195372,0.9432210316463421,0.9377067372871846,0.8307919033141467,0.9930033936600509,0.9948750827142303,0.8479226002333988,0.8728592782149991,0.8927076740361918,0.9489762522745532,0.8941766452006089,0.7960164389166886,0.9894477585227337,0.5257394559222242,0.0,0.9460566951232767,0.867470339620165,0.8380055069720505,0.8353451073802876,0.9891133423324094,0.9905820141707635,0.9053799206683214,0.9881626194594044,0.9398573483455821,0.9750162768953239,0.9996183533893993,0.8825322960393578,0.9796032114051703,0.9644929502406029,0.9806709517883497,0.9755290901659761,0.9713154990243045,0.979436056618441,0.9742762631085102,0.9727007112537656,0.9538159872610252,0.9930998362556978,0.9890660365045914,0.9996352166772899,0.9124851502078233,0.9995011494207665,0.9587070855080194,0.9949570998833792,0.9303689447599683,0.9814819457269117,0.996660293652238,0.9812206396522823,0.9882683183638612,0.9952987234422654
p51_C,0.9971634260214784,0.9581383260262748,0.9653816606368553,0.9492422297350138,0.9644546681713388,0.9675405727356203,0.9807080658039411,0.8765633724708024,0.981822799040013,0.9908452534777453,0.9746946856630503,0.9492825420642407,0.9893264767254784,0.9312324256777582,0.9411460643785474,0.8849334398820221,0.9772377183311557,0.9304117464692313,0.8541924606174403,0.8655975080555764,0.8542686218709874,0.9683650346584582,0.9811496099978358,0.9252693818060207,0.9877197189800473,0.963385247120726,0.9460566951232767,0.0,0.7383205548087766,0.8318168265196468,0.850164497741666,0.9697919832885309,0.948812067651075,0.8651769638359874,0.9816008292672683,0.9845519748226077,0.9948018805665453,0.9831901184115777,0.895010138135487,0.9996165956825731,0.9391525842185884,0.9707786985863931,0.9790507666167765,0.9943935409607558,0.9804187332014782,0.9971211451697151,0.9786538909888809,0.9514065742506559,0.9934235498243279,0.9703186125321608,0.9986304059987103,0.9181944387018008,0.9840586774580096,0.9791450596548564,0.9675645036100478,0.8867957103273377,0.9668160206778462,0.9859638438157573,0.9807100989708977,0.9990464430343764,0.9865378556449553
p51_G,0.9270516630311314,0.9481489619282533,0.8860198492719242,0.9292054126923253,0.8594861189323815,0.777008796491031,0.8406128590417978,0.3767398260664667,0.8375865470872734,0.9232759519181406,0.9812371354610518,0.8348917922205248,0.904657444975477,0.7603539297123829,0.7304243674028104,0.5090276382898884,0.9607818302219828,0.7735167136239021,0.3411203477756777,0.3561684094455555,0.3659977723659763,0.844253045078202,0.8666923719425146,0.8545453007965536,0.9701060931215636,0.8682586718692828,0.867470339620165,0.7383205548087766,0.0,0.35093679079607765,0.4178688502234582,0.991375561118351,0.911007017773246,0.5126711342176105,0.9937879521618168,0.8909941793552298,0.8420667979316923,0.8245635597669912,0.5379474668194402,0.9817655958587872,0.7335090755301894,0.9889788290030568,0.9769463236946138,0.9813160295009856,0.9729234435898514,0.9648790930169608,0.975366863318379,0.8720836026602814,0.852454244044752,0.8391336286967657,0.9876186086789672,0.8319461704396769,0.9838796004905492,0.9328615970673253,0.9523060921000708,0.6509749283265611,0.9878032309904818,0.9432591943864694,0.9646450600837625,0.9328722186687459,0.9534908420238593
p52_C,0.9209960846286732,0.9082476156665038,0.8214362035070285,0.9455615218831365,0.7914138019724399,0.7307273577211795,0.8429534847812072,0.24626255180580814,0.8009778714252636,0.8675264560592868,0.9923101046387578,0.7492880652337877,0.8825798310012937,0.65340147355972,0.6553566549769259,0.40044277652340154,0.9497224337796197,0.7414359518796925,0.166707797507071,0.20801039680250977,0.21661150084085223,0.9776184473055327,0.8875064824064542,0.7363533615952091,0.9729380250038815,0.8632342564819904,0.8380055069720505,0.8318168265196468,0.35093679079607765,0.0,0.22023428801206313,0.9317721540203341,0.8598705839528522,0.4137436991450256,0.9839073914987804,0.8895801483722658,0.9789927083326571,0.93529779064937,0.3192143181319511,0.9831602653022271,0.7037906009748791,0.972706621556817,0.925204647194865,0.9590246046755845,0.92076664076991,0.9524051634719131,0.922471558395928,0.7904661029059217,0.9321325673051555,0.8698048351242058,0.973017638036288,0.7411534673787106,0.9496977145207455,0.9188445659603528,0.9272217655174583,0.5589649558919578,0.9341922243950629,0.9422275948503636,0.9631185439961469,0.9255363917837356,0.9442415261073374
p53_G,0.9261064896640012,0.8977489987400444,0.8445781134507391,0.953775753435445,0.8024067699258572,0.7626724930952986,0.8687644128026928,0.3453731078187994,0.8372567587563586,0.8935802131616206,0.9998215985137491,0.809400299526883,0.8718752295171031,0.7048101054675089,0.7018081507821896,0.533732638802491,0.899140744571705,0.7923328968242519,0.28808115785201815,0.31486326110379714,0.32579656278288227,0.9218470616273046,0.9075417723213852,0.9133755358914568,0.9900068809332868,0.8206952902505424,0.8353451073802876,0.850164497741666,0.4178688502234582,0.22023428801206313,0.0,0.9750755054498823,0.8330659029173231,0.4514291488203447,0.9757233574023298,0.898641226062741,0.9013558793871275,0.8731131687869623,0.4533307975627068,0.9791636066021956,0.7341959789600132,0.9814753930938288,0.9859880761259008,0.9926167049644646,0.9827101634472084,0.9727804276917262,0.986286468569134,0.8229667065450776,0.8887386506954912,0.8397586725491155,0.9773310315138003,0.7764957832093604,0.9966098991576113,0.9305126568599896,0.9169140959157218,0.6092142179828982,0.9974881037935597,0.9481209775087696,0.9481037913212498,0.9277455851069747,0.9550502775007086
p54_G,0.9874105548766354,0.9825137070632255,0.9917311517626981,0.9722208343504688,0.9762903342157003,0.9728638457414072,0.9534484938117347,0.9377775961559884,0.9663141205669721,0.988210656673351,0.9935976877079642,0.9280889821077785,0.9771742284935324,0.9909108528838131,0.9669201823317592,0.9362142082695506,0.9928612511747881,0.9985029380383968,0.9350164649592412,0.9419391217181408,0.9545555179813752,0.991321761513979,0.9976107112267594,0.9198627886365014,0.9885437916493394,0.9844613094817001,0.9891133423324094,0.9697919832885309,0.991375561118351,0.9317721540203341,0.9750755054498823,0.0,0.944998480471209,0.9635382185596615,0.9997195590446353,0.9831561168839713,0.9761741571770837,0.9801160692280013,0.9389386190122472,0.9952214661385916,0.9738038717224595,0.9957903912050342,0.993098111420866,0.9887782512255283,0.9944183607250774,0.8377443629520692,0.9932654801940666,0.9757320578049087,0.9851517310113318,0.9801647253298702,0.977571814527489,0.9529651542325448,0.875357816255385,0.9690659756518305,0.9920582664006612,0.9583509269709553,0.8439911148593768,0.9963917637154414,0.9900312427526285,0.9855682190483158,0.9971260106935219
p54_TCN,0.9819043121572153,0.9636211753779325,0.9695825710589805,0.973083179297779,0.9584205009614335,0.9499789972434829,0.9768231325331964,0.9006961780812894,0.9822239497126195,0.9766965879649749,0.9863220965776913,0.9305545848451416,0.9899726959752099,0.9748170901359887,0.9449676035805099,0.8799738813790662,0.9966605042505118,0.9744278287114383,0.9399137716711414,0.9124555805002561,0.9246719128366925,0.9560394216555486,0.9229469972184925,0.9968376460614705,0.9665174954713069,0.9675551982939594,0.9905820141707635,0.948812067651075,0.911007017773246,0.8598705839528522,0.8330659029173231,0.944998480471209,0.0,0.9782628008030461,0.9819765170027184,0.9162477954453734,0.9817408894077102,0.9506122511519115,0.9147387991891219,0.9621968084727024,0.997454733792194,0.9908276567686969,0.9853529809861659,0.999462156547624,0.9828048649168205,0.9869150932457074,0.9838681328591623,0.9689333941890297,0.9890457697586066,0.9885162374975289,0.9978356147089411,0.9773438786788897,0.9803325401794885,0.9865043473255142,0.9727115801963693,0.9227486475968807,0.9795068385744345,0.9957094300886359,0.9976438130201317,0.9823282888211895,0.9958093565503481
p55_G,0.9594492891814015,0.9462840956021874,0.8862697893634313,0.9356283272383568,0.8469902690683406,0.8446689190580408,0.9270261119395533,0.4461773824762556,0.8461149514369932,0.9001143202083804,0.9973875498241662,0.9216171450017095,0.9219934080800425,0.7777981303170685,0.70012690989731,0.5986063610006618,0.9526011054179798,0.7394548837001947,0.37945658312218145,0.43110262914678477,0.436662827310873,0.9167392167505213,0.9353951480880003,0.8631960030055498,0.9907706094222907,0.9267612157438923,0.9053799206683214,0.8651769638359874,0.5126711342176105,0.4137436991450256,0.4514291488203447,0.9635382185596615,0.9782628008030461,0.0,0.909314339443764,0.9273701040559141,0.8709789817384794,0.8544043193061748,0.59572319616226,0.9960888841729356,0.6709077476363798,0.9865432257006939,0.9419325767253781,0.9242206830703974,0.9431848438379011,0.9349515331297473,0.9436049381171558,0.9370632573314464,0.8600297736577562,0.8396561639600848,0.9723186746642252,0.802474989836981,0.984696013018086,0.9369085869899456,0.9498949830681462,0.6890096531883202,0.9738187660203348,0.9482754892723428,0.993219010788636,0.9443656817360337,0.9438775840903258
